6,1,9,1
6,2,9,2
6,3,9,3
6,4,9,4
6,5,9,5
6,6,9,6
6,7,10,1
6,8,10,2
6,9,10,3
6,10,10,4
6,11,10,5
6,12,10,6
6,13,11,1
6,14,11,2
6,15,11,3
6,16,11,4
6,17,11,5
6,18,11,6
6,19,11,7
6,20,11,8
6,21,11,9
6,22,11,10
7,1,12,1
3,1,13,1
3,2,13,2
4,1,14,1
5,1,15,1
5,2,15,2
9,0,17,1
10,0,17,2
11,0,17,3
14,0,17,4
9,0,18,1
11,0,18,2
11,0,18,3
15,0,18,4
9,0,19,1
10,0,19,2
11,0,19,3
13,0,19,4
9,0,20,1
10,0,20,2
13,0,20,3
11,0,20,4
9,0,21,1
11,0,21,2
11,0,21,3
15,0,21,4
12,0,22,1
9,0,22,2
10,0,22,3
11,0,22,4
17,1,24,1
17,2,24,2
17,3,24,3
17,4,24,4
18,1,25,1
18,2,25,2
18,3,25,3
18,4,25,4
19,1,26,1
19,2,26,2
19,3,26,3
19,4,26,4
20,1,27,1
20,2,27,2
20,3,27,3
20,4,27,4
21,1,28,1
21,2,28,2
21,3,28,3
21,4,28,4
22,1,29,1
22,2,29,2
22,3,29,3
22,4,29,4
24,3,31,1
25,3,31,2
26,3,31,3
27,3,31,4
28,3,31,5
29,3,31,6
24,2,33,1
26,2,33,2
25,1,34,1
31,1,34,2
27,1,35,1
31,2,35,2
24,1,36,1
31,3,36,2
25,2,37,1
29,1,37,2
29,2,38,1
28,2,38,2
26,1,39,1
31,4,39,2
28,1,40,1
27,2,40,2
33,1,42,1
34,1,42,2
35,1,43,1
36,1,43,2
37,1,44,1
38,1,44,2
39,1,45,1
40,1,45,2
42,1,47,1
43,1,47,2
44,1,48,1
45,1,48,2
47,2,50,1
48,2,50,2
47,1,52,1
48,1,52,2
56,0,61,1
57,0,61,2
58,0,61,3
59,0,61,4
56,0,62,1
57,0,62,2
58,0,62,3
59,0,62,4
56,0,63,1
57,0,63,2
58,0,63,3
59,0,63,4
56,0,64,1
57,0,64,2
58,0,64,3
59,0,64,4
61,1,66,1
62,2,66,2
63,1,67,1
64,2,67,2
62,1,68,1
61,2,68,2
64,1,69,1
63,2,69,2
66,1,71,1
67,1,71,2
68,1,72,1
69,1,72,2
71,1,74,1
72,1,74,2
77,0,81,1
78,0,81,2
78,0,81,3
79,0,81,4
79,0,81,5
77,0,82,1
77,0,82,2
77,0,82,3
77,0,82,4
77,0,82,5
78,0,83,1
78,0,83,2
78,0,83,3
78,0,83,4
78,0,83,5
78,0,83,6
79,0,83,7
79,0,83,8
79,0,83,9
79,0,83,10
79,0,83,11
79,0,83,12
83,0,85,1
83,0,85,2
83,0,85,3
83,0,85,4
83,0,85,5
83,0,85,6
83,0,85,7
83,0,85,8
83,0,85,9
81,1,87,1
81,2,87,2
81,3,87,3
81,4,87,4
81,5,87,5
96,1,98,1
96,2,98,2
96,3,98,3
96,4,98,4
96,5,98,5
96,6,98,6
96,7,98,7
96,8,98,8
98,1,100,1
98,2,100,2
98,3,100,3
98,4,100,4
98,5,101,1
98,6,101,2
98,7,101,3
98,8,101,4
95,0,103,1
95,0,103,2
95,0,103,3
95,0,103,4
95,0,103,5
95,0,103,6
95,0,103,7
95,0,103,8
95,0,103,9
95,0,103,10
95,0,103,11
95,0,103,12
95,0,103,13
95,0,103,14
95,0,103,15
95,0,103,16
103,5,105,1
103,6,105,2
103,7,105,3
103,8,105,4
103,9,105,5
103,10,105,6
103,11,106,1
103,12,106,2
103,13,106,3
103,14,106,4
103,15,106,5
103,16,106,6
100,0,108,1
101,0,108,2
100,0,109,1
101,0,109,2
100,0,110,1
101,0,110,2
100,0,111,1
101,0,111,2
106,0,112,1
105,0,112,2
106,0,113,1
105,0,113,2
106,0,114,1
105,0,114,2
106,0,115,1
105,0,115,2
106,0,116,1
105,0,116,2
106,0,117,1
105,0,117,2
103,1,119,1
103,2,119,2
103,3,119,3
103,4,119,4
112,1,119,5
113,1,119,6
114,1,119,7
115,1,119,8
116,1,119,9
117,1,119,10
119,1,121,1
119,2,121,2
119,3,121,3
119,4,121,4
119,5,121,5
119,6,122,1
119,7,122,2
119,8,122,3
119,9,122,4
119,10,122,5
122,0,124,1
121,0,124,2
122,0,125,1
121,0,125,2
122,0,126,1
121,0,126,2
122,0,127,1
121,0,127,2
122,0,128,1
121,0,128,2
108,1,129,1
109,1,129,2
110,1,130,1
111,1,130,2
93,1,132,1
94,1,133,1
94,2,133,2
94,3,133,3
94,4,133,4
94,5,133,5
94,6,133,6
94,7,133,7
94,8,133,8
94,9,133,9
94,10,133,10
94,11,133,11
94,12,133,12
94,13,133,13
94,14,133,14
94,15,133,15
94,16,133,16
94,17,133,17
94,18,133,18
94,19,133,19
94,20,133,20
94,21,133,21
94,22,133,22
94,23,133,23
94,24,133,24
94,25,133,25
94,26,133,26
94,27,133,27
94,28,133,28
124,1,133,29
125,1,133,30
126,1,133,31
127,1,133,32
128,1,133,33
129,1,133,34
130,1,133,35
132,1,135,1
133,1,135,2
133,2,135,3
133,3,135,4
133,4,135,5
133,5,135,6
133,6,135,7
133,7,135,8
133,8,135,9
133,9,135,10
133,10,135,11
133,11,135,12
133,12,135,13
133,13,135,14
133,14,135,15
133,15,135,16
133,16,135,17
133,17,135,18
133,18,135,19
133,19,135,20
133,20,135,21
133,21,135,22
133,22,135,23
133,23,135,24
133,24,135,25
133,25,135,26
133,26,135,27
133,27,135,28
133,28,135,29
133,29,135,30
133,30,135,31
133,31,135,32
133,32,135,33
133,33,135,34
133,34,135,35
133,35,135,36
135,9,137,1
135,10,137,2
135,11,138,1
135,12,138,2
135,13,139,1
135,14,139,2
135,15,140,1
135,16,140,2
135,17,141,1
135,18,141,2
135,19,142,1
135,20,142,2
135,21,143,1
135,22,143,2
135,23,144,1
135,24,144,2
141,0,146,1
140,0,146,2
144,0,147,1
137,0,147,2
143,0,148,1
138,0,148,2
142,0,149,1
139,0,149,2
141,0,150,1
140,0,150,2
144,0,151,1
137,0,151,2
143,0,152,1
138,0,152,2
142,0,153,1
139,0,153,2
135,1,155,1
135,2,155,2
135,3,156,1
135,4,156,2
135,5,157,1
135,6,157,2
135,7,158,1
135,8,158,2
146,1,159,1
150,1,159,2
147,1,160,1
151,1,160,2
148,1,161,1
152,1,161,2
149,1,162,1
153,1,162,2
159,0,164,1
155,0,164,2
160,0,165,1
158,0,165,2
161,0,166,1
157,0,166,2
162,0,167,1
156,0,167,2
159,0,168,1
155,0,168,2
160,0,169,1
158,0,169,2
161,0,170,1
157,0,170,2
162,0,171,1
156,0,171,2
164,1,173,1
165,1,173,2
166,1,174,1
167,1,174,2
168,1,175,1
169,1,175,2
170,1,176,1
171,1,176,2
173,0,178,1
173,0,178,2
174,0,179,1
174,0,179,2
175,0,180,1
175,0,180,2
176,0,181,1
176,0,181,2
178,1,183,1
179,1,183,2
180,1,184,1
181,1,184,2
183,0,186,1
183,0,186,2
184,0,187,1
184,0,187,2
186,1,189,1
187,1,189,2
112,2,195,1
113,2,195,2
114,2,195,3
115,2,195,4
116,2,195,5
117,2,195,6
193,1,195,7
193,2,195,8
193,3,195,9
193,4,195,10
193,5,195,11
193,6,195,12
193,7,195,13
193,8,195,14
193,9,195,15
193,10,195,16
193,11,195,17
193,12,195,18
193,13,195,19
193,14,195,20
193,15,195,21
193,16,195,22
195,1,197,1
195,2,197,2
195,3,197,3
195,4,197,4
195,5,197,5
195,6,197,6
195,7,197,7
195,8,197,8
195,9,197,9
195,10,197,10
195,11,197,11
195,12,198,1
195,13,198,2
195,14,198,3
195,15,198,4
195,16,198,5
195,17,198,6
195,18,198,7
195,19,198,8
195,20,198,9
195,21,198,10
195,22,198,11
198,0,200,1
197,0,200,2
198,0,201,1
197,0,201,2
198,0,202,1
197,0,202,2
198,0,203,1
197,0,203,2
198,0,204,1
197,0,204,2
198,0,205,1
197,0,205,2
198,0,206,1
197,0,206,2
198,0,207,1
197,0,207,2
198,0,208,1
197,0,208,2
198,0,209,1
197,0,209,2
198,0,210,1
197,0,210,2
108,2,212,1
109,2,212,2
110,2,212,3
111,2,212,4
124,2,212,5
125,2,212,6
126,2,212,7
127,2,212,8
128,2,212,9
129,2,212,10
130,2,212,11
200,1,212,12
201,1,212,13
202,1,212,14
203,1,212,15
204,1,212,16
205,1,212,17
206,1,212,18
207,1,212,19
208,1,212,20
209,1,212,21
210,1,212,22
192,1,212,23
192,2,212,24
192,3,212,25
192,4,212,26
192,5,212,27
192,6,212,28
192,7,212,29
192,8,212,30
192,9,212,31
192,10,212,32
192,11,212,33
192,12,212,34
192,13,212,35
192,14,212,36
212,1,214,1
212,2,214,2
212,3,214,3
212,4,214,4
212,5,214,5
212,6,214,6
212,7,214,7
212,8,214,8
212,9,214,9
212,10,214,10
212,11,214,11
212,12,214,12
212,13,214,13
212,14,214,14
212,15,214,15
212,16,214,16
212,17,214,17
212,18,214,18
212,19,214,19
212,20,214,20
212,21,214,21
212,22,214,22
212,23,214,23
212,24,214,24
212,25,214,25
212,26,214,26
212,27,214,27
212,28,214,28
212,29,214,29
212,30,214,30
212,31,214,31
212,32,214,32
212,33,214,33
212,34,214,34
212,35,214,35
212,36,214,36
214,9,216,1
214,10,216,2
214,11,217,1
214,12,217,2
214,13,218,1
214,14,218,2
214,15,219,1
214,16,219,2
214,17,220,1
214,18,220,2
214,19,221,1
214,20,221,2
214,21,222,1
214,22,222,2
214,23,223,1
214,24,223,2
220,0,225,1
219,0,225,2
223,0,226,1
216,0,226,2
222,0,227,1
217,0,227,2
221,0,228,1
218,0,228,2
220,0,229,1
219,0,229,2
223,0,230,1
216,0,230,2
222,0,231,1
217,0,231,2
221,0,232,1
218,0,232,2
214,1,234,1
214,2,234,2
214,3,235,1
214,4,235,2
214,5,236,1
214,6,236,2
214,7,237,1
214,8,237,2
225,1,238,1
229,1,238,2
226,1,239,1
230,1,239,2
227,1,240,1
231,1,240,2
228,1,241,1
232,1,241,2
238,0,243,1
234,0,243,2
239,0,244,1
237,0,244,2
240,0,245,1
236,0,245,2
241,0,246,1
235,0,246,2
238,0,247,1
234,0,247,2
239,0,248,1
237,0,248,2
240,0,249,1
236,0,249,2
241,0,250,1
235,0,250,2
243,1,252,1
244,1,252,2
245,1,253,1
246,1,253,2
247,1,254,1
248,1,254,2
249,1,255,1
250,1,255,2
252,0,257,1
252,0,257,2
253,0,258,1
253,0,258,2
254,0,259,1
254,0,259,2
255,0,260,1
255,0,260,2
257,1,262,1
258,1,262,2
259,1,263,1
260,1,263,2
262,0,265,1
262,0,265,2
263,0,266,1
263,0,266,2
265,1,268,1
266,1,268,2
272,1,274,1
272,2,274,2
272,3,274,3
272,4,274,4
272,5,274,5
272,6,274,6
272,7,274,7
272,8,274,8
272,9,274,9
272,10,274,10
272,11,274,11
272,12,274,12
274,1,276,1
274,2,276,2
274,3,276,3
274,4,276,4
274,5,276,5
274,6,276,6
274,7,277,1
274,8,277,2
274,9,277,3
274,10,277,4
274,11,277,5
274,12,277,6
277,0,279,1
276,0,279,2
277,0,280,1
276,0,280,2
277,0,281,1
276,0,281,2
277,0,282,1
276,0,282,2
277,0,283,1
276,0,283,2
277,0,284,1
276,0,284,2
200,2,286,1
201,2,286,2
202,2,286,3
203,2,286,4
204,2,286,5
205,2,286,6
206,2,286,7
207,2,286,8
208,2,286,9
209,2,286,10
210,2,286,11
271,1,286,12
271,2,286,13
271,3,286,14
271,4,286,15
271,5,286,16
271,6,286,17
271,7,286,18
271,8,286,19
271,9,286,20
271,10,286,21
271,11,286,22
271,12,286,23
271,13,286,24
271,14,286,25
271,15,286,26
271,16,286,27
271,17,286,28
271,18,286,29
271,19,286,30
279,1,286,31
280,1,286,32
281,1,286,33
282,1,286,34
283,1,286,35
284,1,286,36
286,1,288,1
286,2,288,2
286,3,288,3
286,4,288,4
286,5,288,5
286,6,288,6
286,7,288,7
286,8,288,8
286,9,288,9
286,10,288,10
286,11,288,11
286,12,288,12
286,13,288,13
286,14,288,14
286,15,288,15
286,16,288,16
286,17,288,17
286,18,288,18
286,19,288,19
286,20,288,20
286,21,288,21
286,22,288,22
286,23,288,23
286,24,288,24
286,25,288,25
286,26,288,26
286,27,288,27
286,28,288,28
286,29,288,29
286,30,288,30
286,31,288,31
286,32,288,32
286,33,288,33
286,34,288,34
286,35,288,35
286,36,288,36
288,9,290,1
288,10,290,2
288,11,291,1
288,12,291,2
288,13,292,1
288,14,292,2
288,15,293,1
288,16,293,2
288,17,294,1
288,18,294,2
288,19,295,1
288,20,295,2
288,21,296,1
288,22,296,2
288,23,297,1
288,24,297,2
294,0,299,1
293,0,299,2
297,0,300,1
290,0,300,2
296,0,301,1
291,0,301,2
295,0,302,1
292,0,302,2
294,0,303,1
293,0,303,2
297,0,304,1
290,0,304,2
296,0,305,1
291,0,305,2
295,0,306,1
292,0,306,2
288,1,308,1
288,2,308,2
288,3,309,1
288,4,309,2
288,5,310,1
288,6,310,2
288,7,311,1
288,8,311,2
299,1,312,1
303,1,312,2
300,1,313,1
304,1,313,2
301,1,314,1
305,1,314,2
302,1,315,1
306,1,315,2
312,0,317,1
308,0,317,2
313,0,318,1
311,0,318,2
314,0,319,1
310,0,319,2
315,0,320,1
309,0,320,2
312,0,321,1
308,0,321,2
313,0,322,1
311,0,322,2
314,0,323,1
310,0,323,2
315,0,324,1
309,0,324,2
317,1,326,1
318,1,326,2
319,1,327,1
320,1,327,2
321,1,328,1
322,1,328,2
323,1,329,1
324,1,329,2
326,0,331,1
326,0,331,2
327,0,332,1
327,0,332,2
328,0,333,1
328,0,333,2
329,0,334,1
329,0,334,2
331,1,336,1
332,1,336,2
333,1,337,1
334,1,337,2
336,0,339,1
336,0,339,2
337,0,340,1
337,0,340,2
339,1,342,1
340,1,342,2
345,0,348,1
345,0,348,2
345,0,348,3
345,0,348,4
345,0,348,5
345,0,348,6
345,0,348,7
345,0,348,8
345,0,348,9
345,0,348,10
345,0,348,11
345,0,348,12
346,0,348,13
346,0,348,14
346,0,348,15
346,0,348,16
346,0,348,17
346,0,348,18
348,1,350,1
348,2,350,2
348,3,350,3
348,4,350,4
348,5,350,5
348,6,350,6
348,7,350,7
348,8,350,8
348,9,350,9
348,10,350,10
348,11,350,11
348,12,350,12
348,13,350,13
348,14,350,14
348,15,350,15
348,16,350,16
348,17,350,17
348,18,350,18
350,5,352,1
350,6,352,2
350,7,352,3
350,8,352,4
350,9,353,1
350,10,353,2
350,11,353,3
350,12,353,4
353,0,355,1
352,0,355,2
353,0,356,1
352,0,356,2
353,0,357,1
352,0,357,2
353,0,358,1
352,0,358,2
355,1,360,1
356,1,360,2
357,1,360,3
358,1,360,4
350,1,361,1
350,2,361,2
350,3,361,3
350,4,361,4
361,0,363,1
360,0,363,2
361,0,364,1
360,0,364,2
361,0,365,1
360,0,365,2
361,0,366,1
360,0,366,2
363,1,368,1
364,1,368,2
365,1,369,1
366,1,369,2
368,1,371,1
369,1,371,2
375,5,377,1
375,12,377,2
375,6,378,1
375,11,378,2
375,7,379,1
375,10,379,2
375,8,380,1
375,9,380,2
375,1,382,1
377,1,382,2
375,2,383,1
378,1,383,2
375,3,384,1
379,1,384,2
375,4,385,1
380,1,385,2
382,1,387,1
385,1,387,2
383,1,388,1
384,1,388,2
387,1,390,1
388,1,390,2
393,1,395,1
393,2,395,2
393,3,395,3
393,4,395,4
393,5,395,5
393,6,395,6
393,7,396,1
393,8,396,2
393,9,396,3
393,10,396,4
393,11,396,5
393,12,396,6
395,5,400,1
396,1,400,2
395,4,402,1
400,1,402,2
406,1,408,1
406,16,408,2
406,2,409,1
406,15,409,2
406,3,410,1
406,14,410,2
406,4,411,1
406,13,411,2
406,5,412,1
406,12,412,2
406,6,413,1
406,11,413,2
406,7,414,1
406,10,414,2
406,8,415,1
406,9,415,2
408,1,417,1
415,1,417,2
409,1,418,1
414,1,418,2
410,1,419,1
413,1,419,2
411,1,420,1
412,1,420,2
417,1,422,1
420,1,422,2
418,1,423,1
419,1,423,2
422,1,425,1
423,1,425,2
428,1,430,1
428,2,430,2
428,3,430,3
428,4,430,4
428,5,430,5
428,6,430,6
428,7,431,1
428,8,431,2
428,9,431,3
428,10,431,4
428,11,431,5
428,12,431,6
430,4,435,1
431,1,435,2
439,5,441,1
439,12,441,2
439,6,442,1
439,11,442,2
439,7,443,1
439,10,443,2
439,8,444,1
439,9,444,2
439,1,446,1
444,1,446,2
439,2,447,1
443,1,447,2
439,3,448,1
442,1,448,2
439,4,449,1
441,1,449,2
446,1,451,1
449,1,451,2
447,1,452,1
448,1,452,2
451,1,454,1
452,1,454,2
457,1,459,1
457,2,459,2
457,3,459,3
457,4,459,4
457,5,459,5
457,6,459,6
457,7,460,1
457,8,460,2
457,9,460,3
457,10,460,4
457,11,460,5
457,12,460,6
460,1,464,2
459,3,464,1
471,1,473,1
471,2,473,2
471,3,473,3
471,4,473,4
471,5,473,5
471,6,473,6
471,7,473,7
471,8,473,8
471,9,473,9
471,10,473,10
471,11,473,11
471,12,473,12
471,13,473,13
471,14,473,14
471,15,473,15
471,16,473,16
471,17,473,17
471,18,473,18
471,19,473,19
471,20,473,20
471,21,473,21
471,22,473,22
471,23,473,23
471,24,473,24
473,1,475,1
473,2,475,2
473,3,476,1
473,4,476,2
473,5,477,1
473,6,477,2
473,7,478,1
473,8,478,2
473,9,479,1
473,10,479,2
473,11,480,1
473,12,480,2
473,13,481,1
473,14,481,2
473,15,482,1
473,16,482,2
473,17,484,25
473,18,484,26
473,19,484,27
473,20,484,28
473,21,484,29
473,22,484,30
473,23,484,31
473,24,484,32
475,1,484,33
476,1,484,34
477,1,484,35
478,1,484,36
479,1,484,37
480,1,484,38
481,1,484,39
482,1,484,40
484,1,486,1
484,2,486,2
484,3,487,1
484,4,487,2
484,5,488,1
484,6,488,2
484,7,489,1
484,8,489,2
484,9,490,1
484,10,490,2
484,11,491,1
484,12,491,2
484,13,492,1
484,14,492,2
484,15,493,1
484,16,493,2
484,17,494,1
484,18,494,2
484,19,495,1
484,20,495,2
484,21,496,1
484,22,496,2
484,23,497,1
484,24,497,2
484,25,498,1
484,26,498,2
484,27,499,1
484,28,499,2
484,29,500,1
484,30,500,2
484,31,501,1
484,32,501,2
484,33,502,1
484,34,502,2
484,35,503,1
484,36,503,2
484,37,504,1
484,38,504,2
484,39,505,1
484,40,505,2
486,1,507,45
487,1,507,46
488,1,507,47
489,1,507,48
490,1,507,49
491,1,507,50
492,1,507,51
493,1,507,52
494,1,507,53
495,1,507,54
496,1,507,55
497,1,507,56
498,1,507,57
499,1,507,58
500,1,507,59
501,1,507,60
502,1,507,61
503,1,507,62
504,1,507,63
505,1,507,64
507,1,509,1
507,2,509,2
507,3,510,1
507,4,510,2
507,5,511,1
507,6,511,2
507,7,512,1
507,8,512,2
507,9,513,1
507,10,513,2
507,11,514,1
507,12,514,2
507,13,515,1
507,14,515,2
507,15,516,1
507,16,516,2
507,17,517,1
507,18,517,2
507,19,518,1
507,20,518,2
507,21,519,1
507,22,519,2
507,23,520,1
507,24,520,2
507,25,521,1
507,26,521,2
507,27,522,1
507,28,522,2
507,29,523,1
507,30,523,2
507,31,524,1
507,32,524,2
507,33,525,1
507,34,525,2
507,35,526,1
507,36,526,2
507,37,527,1
507,38,527,2
507,39,528,1
507,40,528,2
507,41,529,1
507,42,529,2
507,43,530,1
507,44,530,2
507,45,531,1
507,46,531,2
507,47,532,1
507,48,532,2
507,49,533,1
507,50,533,2
507,51,534,1
507,52,534,2
507,53,535,1
507,54,535,2
507,55,536,1
507,56,536,2
507,57,537,1
507,58,537,2
507,59,538,1
507,60,538,2
507,61,539,1
507,62,539,2
507,63,540,1
507,64,540,2
509,1,542,1
510,1,542,2
511,1,542,3
512,1,542,4
513,1,542,5
514,1,542,6
515,1,542,7
516,1,542,8
517,1,542,9
518,1,542,10
519,1,542,11
520,1,542,12
521,1,542,13
522,1,542,14
523,1,542,15
524,1,542,16
525,1,542,17
526,1,542,18
527,1,542,19
528,1,542,20
529,1,542,21
530,1,542,22
531,1,542,23
532,1,542,24
533,1,542,25
534,1,542,26
535,1,542,27
536,1,542,28
537,1,542,29
538,1,542,30
539,1,542,31
540,1,542,32
542,1,544,1
542,2,544,2
542,3,545,1
542,4,545,2
542,5,546,1
542,6,546,2
542,7,547,1
542,8,547,2
542,9,548,1
542,10,548,2
542,11,549,1
542,12,549,2
542,13,550,1
542,14,550,2
542,15,551,1
542,16,551,2
542,17,552,1
542,18,552,2
542,19,553,1
542,20,553,2
542,21,554,1
542,22,554,2
542,23,555,1
542,24,555,2
542,25,556,1
542,26,556,2
542,27,557,1
542,28,557,2
542,29,558,1
542,30,558,2
542,31,559,1
542,32,559,2
544,1,561,1
545,1,561,2
546,1,561,3
547,1,561,4
548,1,561,5
549,1,561,6
550,1,561,7
551,1,561,8
552,1,561,9
553,1,561,10
554,1,561,11
555,1,561,12
556,1,561,13
557,1,561,14
558,1,561,15
559,1,561,16
561,1,563,1
561,2,563,2
561,3,564,1
561,4,564,2
561,5,565,1
561,6,565,2
561,7,566,1
561,8,566,2
561,9,567,1
561,10,567,2
561,11,568,1
561,12,568,2
561,13,569,1
561,14,569,2
561,15,570,1
561,16,570,2
563,1,572,1
564,1,572,2
565,1,572,3
566,1,572,4
567,1,572,5
568,1,572,6
569,1,572,7
570,1,572,8
572,1,574,1
572,2,574,2
572,3,575,1
572,4,575,2
572,5,576,1
572,6,576,2
572,7,577,1
572,8,577,2
574,1,579,1
575,1,579,2
576,1,579,3
577,1,579,4
579,1,581,1
579,2,581,2
579,3,582,1
579,4,582,2
581,1,584,1
582,1,584,2
587,21,592,1
587,22,592,2
587,23,592,3
587,24,592,4
592,0,594,1
592,0,594,2
592,0,595,1
592,0,595,2
587,1,597,1
587,2,597,2
587,3,597,3
587,4,597,4
587,5,597,5
587,6,597,6
587,7,597,7
587,8,597,8
587,9,597,9
587,10,597,10
587,11,597,11
587,12,597,12
587,13,597,13
587,14,597,14
587,15,597,15
587,16,597,16
587,17,597,17
587,18,597,18
587,19,597,19
587,20,597,20
588,1,597,21
588,2,597,22
588,3,597,23
588,4,597,24
588,5,597,25
588,6,597,26
588,7,597,27
588,8,597,28
588,9,597,29
588,10,597,30
588,11,597,31
588,12,597,32
588,13,597,33
588,14,597,34
588,15,597,35
588,16,597,36
588,17,597,37
588,18,597,38
588,19,597,39
588,20,597,40
588,21,597,41
588,22,597,42
588,23,597,43
588,24,597,44
589,1,597,45
589,2,597,46
589,3,597,47
589,4,597,48
589,5,597,49
589,6,597,50
589,7,597,51
589,8,597,52
589,9,597,53
589,10,597,54
589,11,597,55
589,12,597,56
589,13,597,57
589,14,597,58
589,15,597,59
589,16,597,60
589,17,597,61
589,18,597,62
589,19,597,63
589,20,597,64
589,21,597,65
589,22,597,66
589,23,597,67
589,24,597,68
594,1,597,69
595,1,597,70
597,0,599,1
597,0,599,2
597,0,600,1
597,0,600,2
597,0,601,1
597,0,601,2
597,0,602,1
597,0,602,2
597,0,603,1
597,0,603,2
597,0,604,1
597,0,604,2
597,0,605,1
597,0,605,2
597,0,606,1
597,0,606,2
597,0,607,1
597,0,607,2
597,0,608,1
597,0,608,2
597,0,609,1
597,0,609,2
597,0,610,1
597,0,610,2
597,0,611,1
597,0,611,2
597,0,612,1
597,0,612,2
597,0,613,1
597,0,613,2
597,0,614,1
597,0,614,2
597,0,615,1
597,0,615,2
597,0,616,1
597,0,616,2
597,0,617,1
597,0,617,2
597,0,618,1
597,0,618,2
597,0,619,1
597,0,619,2
597,0,620,1
597,0,620,2
597,0,621,1
597,0,621,2
597,0,622,1
597,0,622,2
597,0,623,1
597,0,623,2
597,0,624,1
597,0,624,2
597,0,625,1
597,0,625,2
597,0,626,1
597,0,626,2
597,0,627,1
597,0,627,2
597,0,628,1
597,0,628,2
597,0,629,1
597,0,629,2
597,0,630,1
597,0,630,2
597,0,631,1
597,0,631,2
597,0,632,1
597,0,632,2
597,0,633,1
597,0,633,2
590,10,635,1
590,11,635,2
590,12,635,3
590,13,635,4
590,14,635,5
590,15,635,6
590,16,635,7
590,17,635,8
590,18,635,9
590,19,635,10
590,20,635,11
599,1,635,12
600,1,635,13
601,1,635,14
602,1,635,15
603,1,635,16
604,1,635,17
605,1,635,18
606,1,635,19
607,1,635,20
608,1,635,21
609,1,635,22
610,1,635,23
611,1,635,24
612,1,635,25
613,1,635,26
614,1,635,27
615,1,635,28
616,1,635,29
617,1,635,30
618,1,635,31
619,1,635,32
620,1,635,33
621,1,635,34
622,1,635,35
623,1,635,36
624,1,635,37
625,1,635,38
626,1,635,39
627,1,635,40
628,1,635,41
629,1,635,42
630,1,635,43
631,1,635,44
632,1,635,45
633,1,635,46
635,0,637,1
635,0,637,2
635,0,638,1
635,0,638,2
635,0,639,1
635,0,639,2
635,0,640,1
635,0,640,2
635,0,641,1
635,0,641,2
635,0,642,1
635,0,642,2
635,0,643,1
635,0,643,2
635,0,644,1
635,0,644,2
635,0,645,1
635,0,645,2
635,0,646,1
635,0,646,2
635,0,647,1
635,0,647,2
635,0,648,1
635,0,648,2
635,0,649,1
635,0,649,2
635,0,650,1
635,0,650,2
635,0,651,1
635,0,651,2
635,0,652,1
635,0,652,2
635,0,653,1
635,0,653,2
635,0,654,1
635,0,654,2
635,0,655,1
635,0,655,2
635,0,656,1
635,0,656,2
635,0,657,1
635,0,657,2
635,0,658,1
635,0,658,2
635,0,659,1
635,0,659,2
590,1,661,1
590,2,661,2
590,3,661,3
590,4,661,4
590,5,661,5
590,6,661,6
590,7,661,7
590,8,661,8
590,9,661,9
637,1,661,10
638,1,661,11
639,1,661,12
640,1,661,13
641,1,661,14
642,1,661,15
643,1,661,16
644,1,661,17
645,1,661,18
646,1,661,19
647,1,661,20
648,1,661,21
649,1,661,22
650,1,661,23
651,1,661,24
652,1,661,25
653,1,661,26
654,1,661,27
655,1,661,28
656,1,661,29
657,1,661,30
658,1,661,31
659,1,661,32
661,0,663,1
661,0,663,2
661,0,664,1
661,0,664,2
661,0,665,1
661,0,665,2
661,0,666,1
661,0,666,2
661,0,667,1
661,0,667,2
661,0,668,1
661,0,668,2
661,0,669,1
661,0,669,2
661,0,670,1
661,0,670,2
661,0,671,1
661,0,671,2
661,0,672,1
661,0,672,2
661,0,673,1
661,0,673,2
661,0,674,1
661,0,674,2
661,0,675,1
661,0,675,2
661,0,676,1
661,0,676,2
661,0,677,1
661,0,677,2
661,0,678,1
661,0,678,2
663,1,680,1
664,1,680,2
665,1,680,3
666,1,680,4
667,1,680,5
668,1,680,6
669,1,680,7
670,1,680,8
671,1,680,9
672,1,680,10
673,1,680,11
674,1,680,12
675,1,680,13
676,1,680,14
677,1,680,15
678,1,680,16
680,0,682,1
680,0,682,2
680,0,683,1
680,0,683,2
680,0,684,1
680,0,684,2
680,0,685,1
680,0,685,2
680,0,686,1
680,0,686,2
680,0,687,1
680,0,687,2
680,0,688,1
680,0,688,2
680,0,689,1
680,0,689,2
682,1,691,1
683,1,691,2
684,1,691,3
685,1,691,4
686,1,691,5
687,1,691,6
688,1,691,7
689,1,691,8
691,0,693,1
691,0,693,2
691,0,694,1
691,0,694,2
691,0,695,1
691,0,695,2
691,0,696,1
691,0,696,2
693,1,698,1
694,1,698,2
695,1,698,3
696,1,698,4
698,0,700,1
698,0,700,2
698,0,701,1
698,0,701,2
700,1,703,1
701,1,703,2
706,0,708,1
706,0,708,2
706,0,708,3
706,0,709,1
706,0,709,2
706,0,709,3
706,0,710,1
706,0,710,2
706,0,710,3
706,0,711,1
706,0,711,2
706,0,711,3
706,0,712,1
706,0,712,2
706,0,712,3
706,0,713,1
706,0,713,2
706,0,713,3
706,0,714,1
706,0,714,2
706,0,714,3
706,0,715,1
706,0,715,2
706,0,715,3
706,0,716,1
706,0,716,2
706,0,716,3
706,0,717,1
706,0,717,2
706,0,717,3
706,0,718,1
706,0,718,2
706,0,718,3
706,0,719,1
706,0,719,2
706,0,719,3
706,0,720,1
706,0,720,2
706,0,720,3
706,0,721,1
706,0,721,2
706,0,721,3
706,0,722,1
706,0,722,2
706,0,722,3
706,0,723,1
706,0,723,2
706,0,723,3
708,1,725,1
709,1,725,2
710,1,725,3
711,1,725,4
712,1,725,5
713,1,725,6
714,1,725,7
715,1,725,8
708,2,726,1
709,2,726,2
710,2,726,3
711,2,726,4
712,2,726,5
713,2,726,6
714,2,726,7
715,2,726,8
716,1,727,1
717,1,727,2
718,1,727,3
719,1,727,4
720,1,727,5
721,1,727,6
722,1,727,7
723,1,727,8
716,2,728,1
717,2,728,2
718,2,728,3
719,2,728,4
720,2,728,5
721,2,728,6
722,2,728,7
723,2,728,8
725,0,731,1
726,0,731,2
725,0,732,1
726,0,732,2
725,0,733,1
726,0,733,2
725,0,734,1
726,0,734,2
725,0,735,1
726,0,735,2
725,0,736,1
726,0,736,2
725,0,737,1
726,0,737,2
725,0,738,1
726,0,738,2
727,0,740,1
728,0,740,2
727,0,741,1
728,0,741,2
727,0,742,1
728,0,742,2
727,0,743,1
728,0,743,2
727,0,744,1
728,0,744,2
727,0,745,1
728,0,745,2
727,0,746,1
728,0,746,2
727,0,747,1
728,0,747,2
731,1,749,1
732,1,749,2
733,1,749,3
734,1,749,4
735,1,749,5
736,1,749,6
737,1,749,7
738,1,749,8
740,1,750,1
741,1,750,2
742,1,750,3
743,1,750,4
744,1,750,5
745,1,750,6
746,1,750,7
747,1,750,8
749,0,753,1
749,0,753,2
749,0,754,1
749,0,754,2
749,0,755,1
749,0,755,2
749,0,756,1
749,0,756,2
750,0,758,1
750,0,758,2
750,0,759,1
750,0,759,2
750,0,760,1
750,0,760,2
750,0,761,1
750,0,761,2
753,1,763,1
754,1,763,2
755,1,763,3
756,1,763,4
758,1,763,5
759,1,763,6
760,1,763,7
761,1,763,8
763,0,765,1
763,0,765,2
763,0,766,1
763,0,766,2
763,0,767,1
763,0,767,2
763,0,768,1
763,0,768,2
765,1,770,1
766,1,770,2
767,1,770,3
768,1,770,4
770,0,772,1
770,0,772,2
770,0,773,1
770,0,773,2
772,1,775,1
773,1,775,2
781,6,792,1
781,3,792,2
781,5,793,1
781,4,793,2
793,1,795,1
792,1,795,2
784,6,800,1
784,3,800,2
784,5,801,1
784,4,801,2
801,1,803,1
800,1,803,2
787,7,808,1
787,4,808,2
787,6,809,1
787,5,809,2
809,1,811,1
808,1,811,2
822,1,824,1
822,2,824,2
822,3,824,3
822,4,824,4
822,5,824,5
822,6,824,6
822,7,824,7
822,8,824,8
822,9,824,9
822,10,824,10
822,11,824,11
822,12,824,12
822,13,824,13
822,14,824,14
822,15,824,15
822,16,824,16
822,17,824,17
822,18,824,18
824,1,826,1
824,2,826,2
824,3,827,1
824,4,827,2
824,5,828,1
824,6,828,2
824,7,829,1
824,8,829,2
821,1,831,1
821,2,831,2
821,3,831,3
821,4,831,4
821,5,831,5
821,6,831,6
821,7,831,7
821,8,831,8
821,9,831,9
821,10,831,10
821,11,831,11
821,12,831,12
821,13,831,13
821,14,831,14
821,15,831,15
821,16,831,16
821,17,831,17
821,18,831,18
824,9,831,19
824,10,831,20
824,11,831,21
824,12,831,22
824,13,831,23
824,14,831,24
824,15,831,25
824,16,831,26
824,17,831,27
824,18,831,28
826,1,831,29
827,1,831,30
828,1,831,31
829,1,831,32
831,1,833,1
831,2,833,2
831,3,834,1
831,4,834,2
831,5,835,1
831,6,835,2
831,7,836,1
831,8,836,2
831,9,837,1
831,10,837,2
831,11,838,1
831,12,838,2
831,13,839,1
831,14,839,2
831,15,840,1
831,16,840,2
831,17,841,1
831,18,841,2
831,19,842,1
831,20,842,2
831,21,843,1
831,22,843,2
831,23,844,1
831,24,844,2
831,25,845,1
831,26,845,2
831,27,846,1
831,28,846,2
831,29,847,1
831,30,847,2
831,31,848,1
831,32,848,2
833,1,850,1
834,1,850,2
835,1,850,3
836,1,850,4
837,1,850,5
838,1,850,6
839,1,850,7
840,1,850,8
841,1,850,9
842,1,850,10
843,1,850,11
844,1,850,12
845,1,850,13
846,1,850,14
847,1,850,15
848,1,850,16
850,1,852,1
850,2,852,2
850,3,853,1
850,4,853,2
850,5,854,1
850,6,854,2
850,7,855,1
850,8,855,2
850,9,856,1
850,10,856,2
850,11,857,1
850,12,857,2
850,13,858,1
850,14,858,2
850,15,859,1
850,16,859,2
852,1,861,1
853,1,861,2
854,1,861,3
855,1,861,4
856,1,861,5
857,1,861,6
858,1,861,7
859,1,861,8
861,1,863,1
861,2,863,2
861,3,864,1
861,4,864,2
861,5,865,1
861,6,865,2
861,7,866,1
861,8,866,2
863,1,868,1
864,1,868,2
865,1,868,3
866,1,868,4
868,1,870,1
868,2,870,2
868,3,871,1
868,4,871,2
870,1,873,1
871,1,873,2
879,4,884,1
879,5,884,2
879,3,886,1
884,1,886,2
876,16,888,1
886,1,888,2
891,1,893,1
891,4,893,2
891,2,894,1
891,3,894,2
893,2,896,1
894,2,896,2
893,1,898,1
894,1,898,2
902,1,904,1
902,2,904,2
908,1,911,1
908,2,911,2
908,3,911,3
908,4,911,4
908,5,911,5
908,6,911,6
908,7,911,7
908,8,911,8
908,9,911,9
908,10,911,10
908,11,911,11
908,12,911,12
908,13,911,13
908,14,911,14
908,15,911,15
908,16,911,16
908,17,911,17
908,18,911,18
909,1,911,19
909,2,911,20
909,3,911,21
909,4,911,22
909,5,911,23
909,6,911,24
909,7,911,25
909,8,911,26
909,9,911,27
909,10,911,28
911,1,913,1
911,2,913,2
911,3,914,1
911,4,914,2
911,5,915,1
911,6,915,2
911,7,916,1
911,8,916,2
911,9,917,1
911,10,917,2
911,11,918,1
911,12,918,2
911,13,919,1
911,14,919,2
911,15,920,1
911,16,920,2
911,17,921,1
911,18,921,2
911,19,922,1
911,20,922,2
911,21,923,1
911,22,923,2
911,23,924,1
911,24,924,2
911,25,925,1
911,26,925,2
911,27,926,1
911,28,926,2
907,1,928,1
907,2,928,2
907,3,928,3
907,4,928,4
907,5,928,5
907,6,928,6
907,7,928,7
907,8,928,8
907,9,928,9
907,10,928,10
907,11,928,11
907,12,928,12
907,13,928,13
907,14,928,14
907,15,928,15
907,16,928,16
907,17,928,17
907,18,928,18
913,1,928,19
914,1,928,20
915,1,928,21
916,1,928,22
917,1,928,23
918,1,928,24
919,1,928,25
920,1,928,26
921,1,928,27
922,1,928,28
923,1,928,29
924,1,928,30
925,1,928,31
926,1,928,32
928,1,930,1
928,2,930,2
928,3,931,1
928,4,931,2
928,5,932,1
928,6,932,2
928,7,933,1
928,8,933,2
928,9,934,1
928,10,934,2
928,11,935,1
928,12,935,2
928,13,936,1
928,14,936,2
928,15,937,1
928,16,937,2
928,17,938,1
928,18,938,2
928,19,939,1
928,20,939,2
928,21,940,1
928,22,940,2
928,23,941,1
928,24,941,2
928,25,942,1
928,26,942,2
928,27,943,1
928,28,943,2
928,29,944,1
928,30,944,2
928,31,945,1
928,32,945,2
930,1,947,1
931,1,947,2
932,1,947,3
933,1,947,4
934,1,947,5
935,1,947,6
936,1,947,7
937,1,947,8
938,1,947,9
939,1,947,10
940,1,947,11
941,1,947,12
942,1,947,13
943,1,947,14
944,1,947,15
945,1,947,16
947,1,949,1
947,2,949,2
947,3,950,1
947,4,950,2
947,5,951,1
947,6,951,2
947,7,952,1
947,8,952,2
947,9,953,1
947,10,953,2
947,11,954,1
947,12,954,2
947,13,955,1
947,14,955,2
947,15,956,1
947,16,956,2
949,1,958,1
950,1,958,2
951,1,958,3
952,1,958,4
953,1,958,5
954,1,958,6
955,1,958,7
956,1,958,8
958,1,960,1
958,2,960,2
958,3,961,1
958,4,961,2
958,5,962,1
958,6,962,2
958,7,963,1
958,8,963,2
960,1,965,1
961,1,965,2
962,1,965,3
963,1,965,4
965,1,967,1
965,2,967,2
965,3,968,1
965,4,968,2
967,1,970,1
968,1,970,2
973,16,981,1
976,3,981,2
976,16,989,1
984,3,989,2
996,10,998,2
996,7,998,1
996,8,999,1
996,9,999,2
996,1,1001,1
998,1,1001,2
996,2,1002,1
999,1,1002,2
996,3,1003,1
996,5,1003,2
996,4,1004,1
996,6,1004,2
1001,1,1006,1
1004,1,1006,2
1002,1,1007,1
1003,1,1007,2
1006,1,1009,1
1007,1,1009,2
1016,1,1018,1
1016,4,1018,2
1016,3,1019,1
1016,2,1019,2
1018,1,1021,1
1019,1,1021,2
1024,9,1027,1
1024,10,1027,2
1024,11,1027,3
1024,12,1027,4
1024,13,1027,5
1024,14,1027,6
1024,15,1027,7
1024,16,1027,8
1024,17,1027,9
1024,18,1027,10
1024,19,1027,11
1024,20,1027,12
1025,1,1027,13
1025,2,1027,14
1025,3,1027,15
1025,4,1027,16
1025,5,1027,17
1025,6,1027,18
1025,7,1027,19
1025,8,1027,20
1025,9,1027,21
1025,10,1027,22
1025,11,1027,23
1025,12,1027,24
1025,13,1027,25
1025,14,1027,26
1025,15,1027,27
1025,16,1027,28
1025,17,1027,29
1025,18,1027,30
1025,19,1027,31
1025,20,1027,32
1027,0,1029,1
1027,0,1029,2
1027,0,1030,1
1027,0,1030,2
1027,0,1031,1
1027,0,1031,2
1027,0,1032,1
1027,0,1032,2
1027,0,1033,1
1027,0,1033,2
1027,0,1034,1
1027,0,1034,2
1027,0,1035,1
1027,0,1035,2
1027,0,1036,1
1027,0,1036,2
1027,0,1037,1
1027,0,1037,2
1027,0,1038,1
1027,0,1038,2
1027,0,1039,1
1027,0,1039,2
1027,0,1040,1
1027,0,1040,2
1027,0,1041,1
1027,0,1041,2
1027,0,1042,1
1027,0,1042,2
1027,0,1043,1
1027,0,1043,2
1027,0,1044,1
1027,0,1044,2
1029,1,1046,1
1030,1,1046,2
1031,1,1047,1
1032,1,1047,2
1033,1,1048,1
1034,1,1048,2
1035,1,1049,1
1036,1,1049,2
1037,1,1050,1
1038,1,1050,2
1039,1,1051,1
1040,1,1051,2
1041,1,1052,1
1042,1,1052,2
1043,1,1053,1
1044,1,1053,2
1024,1,1055,1
1024,2,1055,2
1024,3,1055,3
1024,4,1055,4
1024,5,1055,5
1024,6,1055,6
1024,7,1055,7
1024,8,1055,8
1046,1,1056,1
1047,1,1056,2
1048,1,1056,3
1049,1,1056,4
1050,1,1056,5
1051,1,1056,6
1052,1,1056,7
1053,1,1056,8
1055,0,1058,1
1056,0,1058,2
1055,0,1059,1
1056,0,1059,2
1055,0,1060,1
1056,0,1060,2
1055,0,1061,1
1056,0,1061,2
1055,0,1062,1
1056,0,1062,2
1055,0,1063,1
1056,0,1063,2
1055,0,1064,1
1056,0,1064,2
1055,0,1065,1
1056,0,1065,2
1058,1,1067,1
1059,1,1067,2
1060,1,1068,1
1061,1,1068,2
1062,1,1069,1
1063,1,1069,2
1064,1,1070,1
1065,1,1070,2
1067,1,1072,1
1068,1,1072,2
1069,1,1073,1
1070,1,1073,2
1072,1,1075,1
1073,1,1075,2
1081,6,1086,1
1081,7,1086,2
1081,5,1087,1
1081,8,1087,2
1086,1,1089,1
1081,3,1089,2
1087,1,1090,1
1081,4,1090,2
1089,1,1092,1
1090,1,1092,2
1096,15,1098,1
1096,18,1098,2
1096,16,1099,1
1096,17,1099,2
1096,1,1101,1
1098,1,1101,2
1096,2,1102,1
1099,1,1102,2
1096,3,1103,1
1096,14,1103,2
1096,4,1104,1
1096,13,1104,2
1096,5,1105,1
1096,12,1105,2
1096,6,1106,1
1096,11,1106,2
1096,7,1107,1
1096,10,1107,2
1096,8,1108,1
1096,9,1108,2
1101,1,1110,1
1108,1,1110,2
1102,1,1111,1
1107,1,1111,2
1103,1,1112,1
1106,1,1112,2
1104,1,1113,1
1105,1,1113,2
1110,1,1115,1
1113,1,1115,2
1111,1,1116,1
1112,1,1116,2
1115,1,1118,1
1116,1,1118,2
1125,1,1127,1
1125,16,1127,2
1125,2,1128,1
1125,15,1128,2
1125,3,1129,1
1125,14,1129,2
1125,4,1130,1
1125,13,1130,2
1125,5,1131,1
1125,12,1131,2
1125,6,1132,1
1125,11,1132,2
1125,7,1133,1
1125,10,1133,2
1125,8,1134,1
1125,9,1134,2
1127,1,1136,1
1134,1,1136,2
1128,1,1137,1
1133,1,1137,2
1129,1,1138,1
1132,1,1138,2
1130,1,1139,1
1131,1,1139,2
1136,1,1141,1
1139,1,1141,2
1137,1,1142,1
1138,1,1142,2
1141,1,1144,1
1142,1,1144,2
1151,1,1153,1
1151,2,1153,2
1151,3,1153,3
1151,4,1153,4
1151,5,1153,5
1151,6,1153,6
1151,7,1153,7
1151,8,1153,8
1151,9,1153,9
1151,10,1153,10
1151,11,1153,11
1151,12,1153,12
1151,13,1153,13
1151,14,1153,14
1151,15,1154,1
1151,16,1154,2
1151,17,1154,3
1151,18,1154,4
1154,0,1156,1
1154,0,1156,2
1154,0,1157,1
1154,0,1157,2
1153,0,1159,1
1156,1,1159,2
1153,0,1160,1
1157,1,1160,2
1153,0,1161,1
1153,0,1161,2
1153,0,1162,1
1153,0,1162,2
1153,0,1163,1
1153,0,1163,2
1153,0,1164,1
1153,0,1164,2
1153,0,1165,1
1153,0,1165,2
1153,0,1166,1
1153,0,1166,2
1159,1,1168,1
1166,1,1168,2
1160,1,1169,1
1165,1,1169,2
1161,1,1170,1
1164,1,1170,2
1162,1,1171,1
1163,1,1171,2
1168,1,1173,1
1171,1,1173,2
1169,1,1174,1
1170,1,1174,2
1173,1,1176,1
1174,1,1176,2
1183,18,1185,1
1183,15,1185,2
1183,17,1186,1
1183,16,1186,2
1183,1,1188,1
1185,1,1188,2
1183,2,1189,1
1186,1,1189,2
1183,3,1190,1
1183,14,1190,2
1183,4,1191,1
1183,13,1191,2
1183,5,1192,1
1183,12,1192,2
1183,6,1193,1
1183,11,1193,2
1183,7,1194,1
1183,10,1194,2
1183,8,1195,1
1183,9,1195,2
1188,1,1197,1
1195,1,1197,2
1189,1,1198,1
1194,1,1198,2
1190,1,1199,1
1193,1,1199,2
1191,1,1200,1
1192,1,1200,2
1197,1,1202,1
1200,1,1202,2
1198,1,1203,1
1199,1,1203,2
1202,1,1205,1
1203,1,1205,2
1212,0,1214,1
1212,0,1214,2
1212,0,1215,1
1212,0,1215,2
1212,0,1216,1
1212,0,1216,2
1212,0,1217,1
1212,0,1217,2
1212,0,1218,1
1212,0,1218,2
1212,0,1219,1
1212,0,1219,2
1212,0,1220,1
1212,0,1220,2
1212,0,1221,1
1212,0,1221,2
1214,1,1223,1
1215,1,1223,2
1216,1,1223,3
1217,1,1223,4
1218,1,1223,5
1219,1,1223,6
1220,1,1223,7
1221,1,1223,8
1223,0,1225,1
1223,0,1225,2
1223,0,1226,1
1223,0,1226,2
1223,0,1227,1
1223,0,1227,2
1223,0,1228,1
1223,0,1228,2
1225,1,1230,1
1228,1,1230,2
1226,1,1231,1
1227,1,1231,2
1230,1,1233,1
1231,1,1233,2
1236,1,1238,1
1236,2,1238,2
1236,3,1238,3
1236,4,1238,4
1236,5,1238,5
1236,6,1238,6
1236,7,1239,1
1236,8,1239,2
1236,9,1239,3
1236,10,1239,4
1236,11,1239,5
1236,12,1239,6
1236,13,1239,7
1236,14,1239,8
1236,15,1239,9
1236,16,1239,10
1239,1,1243,1
1239,2,1243,2
1238,4,1245,1
1243,1,1245,2
1249,5,1251,1
1249,12,1251,2
1249,6,1252,1
1249,11,1252,2
1249,7,1253,1
1249,10,1253,2
1249,8,1254,1
1249,9,1254,2
1251,2,1256,1
1251,1,1256,2
1252,2,1257,1
1252,1,1257,2
1253,2,1258,1
1253,1,1258,2
1254,2,1259,1
1254,1,1259,2
1249,1,1261,1
1256,1,1261,2
1249,2,1262,1
1257,1,1262,2
1249,3,1263,1
1258,1,1263,2
1249,4,1264,1
1259,1,1264,2
1261,2,1266,1
1261,1,1266,2
1262,2,1267,1
1262,1,1267,2
1263,2,1268,1
1263,1,1268,2
1264,2,1269,1
1264,1,1269,2
1266,1,1271,1
1269,1,1271,2
1267,1,1272,1
1268,1,1272,2
1271,1,1274,1
1272,1,1274,2
1277,1,1279,1
1277,2,1279,2
1277,3,1279,3
1277,4,1279,4
1277,5,1279,5
1277,6,1279,6
1277,7,1280,1
1277,8,1280,2
1277,9,1280,3
1277,10,1280,4
1277,11,1280,5
1277,12,1280,6
1284,1,1286,1
1284,4,1286,2
1284,3,1287,1
1284,2,1287,2
1286,1,1289,1
1287,1,1289,2
1293,0,1296,1
1293,0,1296,2
1293,0,1297,1
1293,0,1297,2
1293,0,1298,1
1293,0,1298,2
1293,0,1299,1
1293,0,1299,2
1293,0,1300,1
1293,0,1300,2
1293,0,1301,1
1293,0,1301,2
1293,0,1302,1
1293,0,1302,2
1293,0,1303,1
1293,0,1303,2
1293,0,1304,1
1293,0,1304,2
1293,0,1305,1
1293,0,1305,2
1296,2,1307,1
1296,1,1307,2
1297,2,1308,1
1297,1,1308,2
1298,2,1309,1
1298,1,1309,2
1299,2,1310,1
1299,1,1310,2
1300,2,1311,1
1300,1,1311,2
1301,2,1312,1
1301,1,1312,2
1302,2,1313,1
1302,1,1313,2
1303,2,1314,1
1303,1,1314,2
1304,2,1315,1
1304,1,1315,2
1305,2,1316,1
1305,1,1316,2
1307,1,1318,1
1308,1,1318,2
1309,1,1318,3
1310,1,1318,4
1311,1,1318,5
1312,1,1318,6
1313,1,1318,7
1314,1,1318,8
1315,1,1318,9
1316,1,1318,10
1294,1,1318,11
1294,2,1318,12
1294,3,1318,13
1294,4,1318,14
1292,1,1318,15
1292,2,1318,16
1292,3,1318,17
1292,4,1318,18
1292,5,1318,19
1292,6,1318,20
1292,7,1318,21
1292,8,1318,22
1292,9,1318,23
1292,10,1318,24
1292,11,1318,25
1292,12,1318,26
1292,13,1318,27
1292,14,1318,28
1292,15,1318,29
1292,16,1318,30
1292,17,1318,31
1292,18,1318,32
1318,0,1320,1
1318,0,1320,2
1318,0,1321,1
1318,0,1321,2
1318,0,1322,1
1318,0,1322,2
1318,0,1323,1
1318,0,1323,2
1318,0,1324,1
1318,0,1324,2
1318,0,1325,1
1318,0,1325,2
1318,0,1326,1
1318,0,1326,2
1318,0,1327,1
1318,0,1327,2
1318,0,1328,1
1318,0,1328,2
1318,0,1329,1
1318,0,1329,2
1318,0,1330,1
1318,0,1330,2
1318,0,1331,1
1318,0,1331,2
1318,0,1332,1
1318,0,1332,2
1318,0,1333,1
1318,0,1333,2
1318,0,1334,1
1318,0,1334,2
1318,0,1335,1
1318,0,1335,2
1320,2,1337,1
1320,1,1337,2
1321,2,1338,1
1321,1,1338,2
1322,2,1339,1
1322,1,1339,2
1323,2,1340,1
1323,1,1340,2
1324,2,1341,1
1324,1,1341,2
1325,2,1342,1
1325,1,1342,2
1326,2,1343,1
1326,1,1343,2
1327,2,1344,1
1327,1,1344,2
1328,2,1345,1
1328,1,1345,2
1329,2,1346,1
1329,1,1346,2
1330,2,1347,1
1330,1,1347,2
1331,2,1348,1
1331,1,1348,2
1332,2,1349,1
1332,1,1349,2
1333,2,1350,1
1333,1,1350,2
1334,2,1351,1
1334,1,1351,2
1335,2,1352,1
1335,1,1352,2
1337,1,1354,1
1338,1,1354,2
1339,1,1354,3
1340,1,1354,4
1341,1,1354,5
1342,1,1354,6
1343,1,1354,7
1344,1,1354,8
1345,1,1354,9
1346,1,1354,10
1347,1,1354,11
1348,1,1354,12
1349,1,1354,13
1350,1,1354,14
1351,1,1354,15
1352,1,1354,16
1354,0,1356,1
1354,0,1356,2
1354,0,1357,1
1354,0,1357,2
1354,0,1358,1
1354,0,1358,2
1354,0,1359,1
1354,0,1359,2
1354,0,1360,1
1354,0,1360,2
1354,0,1361,1
1354,0,1361,2
1354,0,1362,1
1354,0,1362,2
1354,0,1363,1
1354,0,1363,2
1356,2,1365,1
1356,1,1365,2
1357,2,1366,1
1357,1,1366,2
1358,2,1367,1
1358,1,1367,2
1359,2,1368,1
1359,1,1368,2
1360,2,1369,1
1360,1,1369,2
1361,2,1370,1
1361,1,1370,2
1362,2,1371,1
1362,1,1371,2
1363,2,1372,1
1363,1,1372,2
1365,1,1374,1
1366,1,1374,2
1367,1,1374,3
1368,1,1374,4
1369,1,1374,5
1370,1,1374,6
1371,1,1374,7
1372,1,1374,8
1374,0,1376,1
1374,0,1376,2
1374,0,1377,1
1374,0,1377,2
1374,0,1378,1
1374,0,1378,2
1374,0,1379,1
1374,0,1379,2
1376,2,1381,1
1376,1,1381,2
1377,2,1382,1
1377,1,1382,2
1378,2,1383,1
1378,1,1383,2
1379,2,1384,1
1379,1,1384,2
1381,1,1386,1
1382,1,1386,2
1383,1,1387,1
1384,1,1387,2
1386,1,1389,1
1387,1,1389,2
1395,6,1400,1
1395,3,1400,2
1395,5,1401,1
1395,4,1401,2
1401,1,1403,1
1400,1,1403,2
1410,1,1412,1
1410,8,1412,2
1410,12,1412,3
1410,16,1412,4
1410,2,1413,1
1410,7,1413,2
1410,11,1413,3
1410,15,1413,4
1410,3,1414,1
1410,6,1414,2
1410,10,1414,3
1410,14,1414,4
1410,4,1415,1
1410,5,1415,2
1410,9,1415,3
1410,13,1415,4
1412,1,1417,1
1415,2,1417,2
1412,2,1418,1
1415,1,1418,2
1413,1,1419,1
1414,2,1419,2
1413,2,1420,1
1414,1,1420,2
1417,1,1422,1
1420,1,1422,2
1418,1,1423,1
1419,1,1423,2
1422,1,1425,1
1423,1,1425,2
1432,5,1434,1
1432,12,1434,2
1432,6,1435,1
1432,11,1435,2
1432,7,1436,1
1432,10,1436,2
1432,8,1437,1
1432,9,1437,2
1432,1,1439,1
1434,1,1439,2
1432,2,1440,1
1435,1,1440,2
1432,3,1441,1
1436,1,1441,2
1432,4,1442,1
1437,1,1442,2
1439,1,1444,1
1442,1,1444,2
1440,1,1445,1
1441,1,1445,2
1444,1,1447,1
1445,1,1447,2
1450,1,1452,1
1450,2,1452,2
1450,3,1452,3
1450,4,1452,4
1450,5,1452,5
1450,6,1452,6
1450,7,1453,1
1450,8,1453,2
1450,9,1453,3
1450,10,1453,4
1450,11,1453,5
1450,12,1453,6
1457,15,1459,1
1457,18,1459,2
1457,16,1460,1
1457,17,1460,2
1457,1,1462,1
1459,1,1462,2
1457,2,1463,1
1460,1,1463,2
1457,3,1464,1
1457,14,1464,2
1457,4,1465,1
1457,13,1465,2
1457,5,1466,1
1457,12,1466,2
1457,6,1467,1
1457,11,1467,2
1457,7,1468,1
1457,10,1468,2
1457,8,1469,1
1457,9,1469,2
1462,1,1471,1
1469,1,1471,2
1463,1,1472,1
1468,1,1472,2
1464,1,1473,1
1467,1,1473,2
1465,1,1474,1
1466,1,1474,2
1471,1,1476,1
1474,1,1476,2
1472,1,1477,1
1473,1,1477,2
1476,1,1479,1
1477,1,1479,2
1499,0,1501,1
1499,0,1501,2
1499,0,1501,3
1499,0,1501,4
1499,0,1501,5
1499,0,1501,6
1499,0,1501,7
1499,0,1501,8
1499,0,1501,9
1499,0,1501,10
1499,0,1501,11
1499,0,1501,12
1499,0,1501,13
1499,0,1501,14
1499,0,1501,15
1499,0,1501,16
1499,0,1501,17
1499,0,1501,18
1499,0,1501,19
1499,0,1501,20
1499,0,1501,21
1499,0,1501,22
1499,0,1501,23
1499,0,1501,24
1499,0,1501,25
1499,0,1501,26
1499,0,1501,27
1501,1,1503,1
1501,2,1503,2
1501,3,1504,1
1501,4,1504,2
1501,5,1505,1
1501,6,1505,2
1501,7,1506,1
1501,8,1506,2
1501,9,1507,1
1501,10,1507,2
1501,11,1508,1
1501,12,1508,2
1501,13,1509,1
1501,14,1509,2
1501,15,1510,1
1501,16,1510,2
1501,17,1511,1
1501,18,1511,2
1501,19,1512,1
1501,20,1512,2
1501,21,1513,1
1501,22,1513,2
1501,23,1515,1
1503,1,1515,2
1501,24,1516,1
1504,1,1516,2
1501,25,1517,1
1505,1,1517,2
1501,26,1518,1
1506,1,1518,2
1501,27,1519,1
1507,1,1519,2
1508,1,1520,1
1509,1,1520,2
1510,1,1521,1
1511,1,1521,2
1512,1,1522,1
1513,1,1522,2
1515,1,1524,1
1521,1,1524,2
1517,1,1525,1
1520,1,1525,2
1516,1,1526,1
1522,1,1526,2
1519,1,1527,1
1518,1,1527,2
1525,1,1529,2
1524,1,1529,1
1526,1,1530,1
1527,1,1530,2
1529,1,1532,1
1530,1,1532,2
1535,8,1538,1
1535,9,1538,2
1536,8,1539,1
1536,9,1539,2
1535,1,1541,1
1538,1,1541,2
1535,4,1542,1
1535,5,1542,2
1535,3,1543,1
1535,6,1543,2
1535,2,1544,1
1535,7,1544,2
1536,1,1545,1
1539,1,1545,2
1536,4,1546,1
1536,5,1546,2
1536,3,1547,1
1536,6,1547,2
1536,2,1548,1
1536,7,1548,2
1541,1,1551,1
1542,1,1551,2
1543,1,1552,1
1544,1,1552,2
1545,1,1554,1
1546,1,1554,2
1547,1,1555,1
1548,1,1555,2
1551,1,1557,1
1552,1,1557,2
1554,1,1558,1
1555,1,1558,2
1557,1,1560,1
1557,2,1560,2
1558,1,1561,1
1558,2,1561,2
1560,1,1563,1
1561,1,1563,2
1563,1,1565,1
1563,2,1565,2
1568,1,1570,1
1568,8,1570,2
1568,2,1571,1
1568,7,1571,2
1568,3,1572,1
1568,6,1572,2
1568,4,1573,1
1568,5,1573,2
1570,1,1575,1
1571,1,1575,2
1572,1,1575,3
1573,1,1575,4
1575,1,1577,1
1575,4,1577,2
1575,2,1578,1
1575,3,1578,2
1577,1,1580,1
1578,1,1580,2
1586,1,1588,1
1586,5,1588,2
1586,9,1588,3
1586,13,1588,4
1586,2,1589,1
1586,6,1589,2
1586,10,1589,3
1586,14,1589,4
1586,3,1590,1
1586,7,1590,2
1586,11,1590,3
1586,15,1590,4
1586,4,1591,1
1586,8,1591,2
1586,12,1591,3
1586,16,1591,4
1588,1,1593,1
1589,1,1593,2
1590,1,1593,3
1591,1,1593,4
1588,2,1594,1
1589,2,1594,2
1590,2,1594,3
1591,2,1594,4
1593,0,1596,1
1594,0,1596,2
1593,0,1597,1
1594,0,1597,2
1593,0,1598,1
1594,0,1598,2
1593,0,1599,1
1594,0,1599,2
1596,1,1601,1
1599,1,1601,2
1597,1,1602,1
1598,1,1602,2
1601,1,1604,1
1602,1,1604,2
1608,3,1610,1
1608,6,1610,2
1608,4,1611,1
1608,5,1611,2
1610,1,1613,1
1611,1,1613,2
1608,1,1615,1
1613,2,1615,2
1608,2,1616,1
1613,1,1616,2
1615,1,1618,1
1616,1,1618,2
1618,1,1620,1
1618,2,1620,2
1628,3,1630,1
1628,6,1630,2
1628,4,1631,1
1628,5,1631,2
1630,1,1633,1
1628,1,1633,2
1631,1,1634,1
1628,2,1634,2
1633,1,1636,1
1634,1,1636,2
1640,1,1642,1
1640,2,1642,2
1640,3,1642,3
1640,4,1642,4
1640,5,1642,5
1640,6,1642,6
1640,7,1643,1
1640,8,1643,2
1640,9,1643,3
1640,10,1643,4
1640,11,1643,5
1640,12,1643,6
1659,0,1661,1
1659,0,1661,2
1659,0,1662,1
1659,0,1662,2
1659,0,1663,1
1659,0,1663,2
1659,0,1664,1
1659,0,1664,2
1658,1,1666,1
1658,2,1666,2
1658,3,1666,3
1658,4,1666,4
1658,5,1666,5
1658,6,1666,6
1658,7,1666,7
1658,8,1666,8
1658,9,1666,9
1658,10,1666,10
1658,11,1666,11
1658,12,1666,12
1658,13,1666,13
1658,14,1666,14
1658,15,1666,15
1658,16,1666,16
1658,17,1666,17
1658,18,1666,18
1658,19,1666,19
1658,20,1666,20
1658,21,1666,21
1658,22,1666,22
1658,23,1666,23
1658,24,1666,24
1658,25,1666,25
1658,26,1666,26
1658,27,1666,27
1658,28,1666,28
1661,1,1666,29
1662,1,1666,30
1663,1,1666,31
1664,1,1666,32
1661,2,1667,1
1662,2,1667,2
1663,2,1667,3
1664,2,1667,4
1666,1,1669,1
1666,9,1669,2
1666,17,1669,3
1666,25,1669,4
1666,2,1670,1
1666,10,1670,2
1666,18,1670,3
1666,26,1670,4
1666,3,1671,1
1666,11,1671,2
1666,19,1671,3
1666,27,1671,4
1666,4,1672,1
1666,12,1672,2
1666,20,1672,3
1666,28,1672,4
1666,5,1673,1
1666,13,1673,2
1666,21,1673,3
1666,29,1673,4
1666,6,1674,1
1666,14,1674,2
1666,22,1674,3
1666,30,1674,4
1666,7,1675,1
1666,15,1675,2
1666,23,1675,3
1666,31,1675,4
1666,8,1676,1
1666,16,1676,2
1666,24,1676,3
1666,32,1676,4
1669,1,1678,1
1669,2,1678,2
1669,3,1678,3
1669,4,1678,4
1670,1,1679,1
1670,2,1679,2
1670,3,1679,3
1670,4,1679,4
1671,1,1680,1
1671,2,1680,2
1671,3,1680,3
1671,4,1680,4
1672,1,1681,1
1672,2,1681,2
1672,3,1681,3
1672,4,1681,4
1673,1,1682,1
1673,2,1682,2
1673,3,1682,3
1673,4,1682,4
1674,1,1683,1
1674,2,1683,2
1674,3,1683,3
1674,4,1683,4
1675,1,1684,1
1675,2,1684,2
1675,3,1684,3
1675,4,1684,4
1676,1,1685,1
1676,2,1685,2
1676,3,1685,3
1676,4,1685,4
1678,1,1687,1
1679,1,1687,2
1680,1,1687,3
1681,1,1687,4
1682,1,1687,5
1683,1,1687,6
1684,1,1687,7
1685,1,1687,8
1678,2,1688,1
1679,2,1688,2
1680,2,1688,3
1681,2,1688,4
1682,2,1688,5
1683,2,1688,6
1684,2,1688,7
1685,2,1688,8
1678,3,1689,1
1679,3,1689,2
1680,3,1689,3
1681,3,1689,4
1682,3,1689,5
1683,3,1689,6
1684,3,1689,7
1685,3,1689,8
1688,0,1691,1
1687,0,1691,2
1688,0,1692,1
1687,0,1692,2
1688,0,1693,1
1687,0,1693,2
1688,0,1694,1
1687,0,1694,2
1688,0,1695,1
1687,0,1695,2
1688,0,1696,1
1687,0,1696,2
1688,0,1697,1
1687,0,1697,2
1688,0,1698,1
1687,0,1698,2
1691,1,1700,1
1692,1,1700,2
1693,1,1700,3
1694,1,1700,4
1695,1,1700,5
1696,1,1700,6
1697,1,1700,7
1698,1,1700,8
1700,0,1702,1
1700,0,1702,2
1700,0,1703,1
1700,0,1703,2
1700,0,1704,1
1700,0,1704,2
1700,0,1705,1
1700,0,1705,2
1702,1,1707,1
1703,1,1707,2
1704,1,1707,3
1705,1,1707,4
1707,4,1709,1
1707,1,1709,2
1707,3,1710,1
1707,2,1710,2
1709,1,1712,1
1710,1,1712,2
1712,1,1714,2
1712,2,1714,1
1717,1,1720,1
1717,2,1720,2
1717,3,1720,3
1717,4,1720,4
1717,5,1720,5
1717,6,1720,6
1717,7,1720,7
1717,8,1720,8
1717,9,1720,9
1717,10,1720,10
1717,11,1720,11
1717,12,1720,12
1718,1,1720,13
1718,2,1720,14
1718,3,1720,15
1718,4,1720,16
1718,5,1720,17
1718,6,1720,18
1718,7,1720,19
1718,8,1720,20
1718,9,1720,21
1718,10,1720,22
1718,11,1720,23
1718,12,1720,24
1718,13,1720,25
1718,14,1720,26
1718,15,1720,27
1718,16,1720,28
1667,0,1720,29
1667,0,1720,30
1667,0,1720,31
1667,0,1720,32
1720,1,1722,1
1720,9,1722,2
1720,17,1722,3
1720,25,1722,4
1720,2,1723,1
1720,10,1723,2
1720,18,1723,3
1720,26,1723,4
1720,3,1724,1
1720,11,1724,2
1720,19,1724,3
1720,27,1724,4
1720,4,1725,1
1720,12,1725,2
1720,20,1725,3
1720,28,1725,4
1720,5,1726,1
1720,13,1726,2
1720,21,1726,3
1720,29,1726,4
1720,6,1727,1
1720,14,1727,2
1720,22,1727,3
1720,30,1727,4
1720,7,1728,1
1720,15,1728,2
1720,23,1728,3
1720,31,1728,4
1720,8,1729,1
1720,16,1729,2
1720,24,1729,3
1720,32,1729,4
1722,1,1731,1
1722,2,1731,2
1722,3,1731,3
1722,4,1731,4
1723,1,1732,1
1723,2,1732,2
1723,3,1732,3
1723,4,1732,4
1724,1,1733,1
1724,2,1733,2
1724,3,1733,3
1724,4,1733,4
1725,1,1734,1
1725,2,1734,2
1725,3,1734,3
1725,4,1734,4
1726,1,1735,1
1726,2,1735,2
1726,3,1735,3
1726,4,1735,4
1727,1,1736,1
1727,2,1736,2
1727,3,1736,3
1727,4,1736,4
1728,1,1737,1
1728,2,1737,2
1728,3,1737,3
1728,4,1737,4
1729,1,1738,1
1729,2,1738,2
1729,3,1738,3
1729,4,1738,4
1731,2,1740,1
1732,2,1740,2
1733,2,1740,3
1734,2,1740,4
1735,2,1740,5
1736,2,1740,6
1737,2,1740,7
1738,2,1740,8
1689,1,1741,1
1689,2,1741,2
1689,3,1741,3
1689,4,1741,4
1689,5,1741,5
1689,6,1741,6
1689,7,1741,7
1689,8,1741,8
1740,0,1743,1
1741,0,1743,2
1740,0,1744,1
1741,0,1744,2
1740,0,1745,1
1741,0,1745,2
1740,0,1746,1
1741,0,1746,2
1740,0,1747,1
1741,0,1747,2
1740,0,1748,1
1741,0,1748,2
1740,0,1749,1
1741,0,1749,2
1740,0,1750,1
1741,0,1750,2
1731,1,1752,1
1732,1,1752,2
1733,1,1752,3
1734,1,1752,4
1735,1,1752,5
1736,1,1752,6
1737,1,1752,7
1738,1,1752,8
1743,1,1753,1
1744,1,1753,2
1745,1,1753,3
1746,1,1753,4
1747,1,1753,5
1748,1,1753,6
1749,1,1753,7
1750,1,1753,8
1752,0,1755,1
1753,0,1755,2
1752,0,1756,1
1753,0,1756,2
1752,0,1757,1
1753,0,1757,2
1752,0,1758,1
1753,0,1758,2
1752,0,1759,1
1753,0,1759,2
1752,0,1760,1
1753,0,1760,2
1752,0,1761,1
1753,0,1761,2
1752,0,1762,1
1753,0,1762,2
1755,1,1764,1
1756,1,1764,2
1757,1,1764,3
1758,1,1764,4
1759,1,1764,5
1760,1,1764,6
1761,1,1764,7
1762,1,1764,8
1764,0,1766,1
1764,0,1766,2
1764,0,1767,1
1764,0,1767,2
1764,0,1768,1
1764,0,1768,2
1764,0,1769,1
1764,0,1769,2
1766,1,1771,1
1767,1,1771,2
1768,1,1771,3
1769,1,1771,4
1771,0,1773,1
1771,0,1773,2
1771,0,1774,1
1771,0,1774,2
1773,1,1776,1
1774,1,1776,2
1780,1,1783,1
1781,8,1783,2
1781,4,1784,1
1780,5,1784,2
1781,2,1785,1
1780,7,1785,2
1780,3,1786,1
1781,6,1786,2
1781,1,1787,1
1780,8,1787,2
1780,4,1788,1
1781,5,1788,2
1780,2,1789,1
1781,7,1789,2
1781,3,1790,1
1780,6,1790,2
1783,1,1792,1
1784,1,1792,2
1785,1,1793,1
1786,1,1793,2
1787,1,1794,1
1788,1,1794,2
1789,1,1795,1
1790,1,1795,2
1792,1,1797,1
1793,1,1797,2
1794,1,1798,1
1795,1,1798,2
1797,1,1800,1
1798,1,1800,2
1803,1,1806,1
1804,8,1806,2
1804,4,1807,1
1803,5,1807,2
1804,2,1808,1
1803,7,1808,2
1803,3,1809,1
1804,6,1809,2
1804,1,1810,1
1803,8,1810,2
1803,4,1811,1
1804,5,1811,2
1803,2,1812,1
1804,7,1812,2
1804,3,1813,1
1803,6,1813,2
1806,1,1815,1
1807,1,1815,2
1808,1,1816,1
1809,1,1816,2
1810,1,1817,1
1811,1,1817,2
1812,1,1818,1
1813,1,1818,2
1815,1,1820,1
1816,1,1820,2
1817,1,1821,1
1818,1,1821,2
1820,1,1823,1
1821,1,1823,2
1838,1,1840,1
1838,2,1840,2
1838,3,1840,3
1838,4,1840,4
1838,5,1841,1
1838,6,1841,2
1838,7,1841,3
1838,8,1841,4
1838,9,1842,1
1838,10,1842,2
1838,11,1842,3
1838,12,1842,4
1840,3,1844,1
1841,3,1844,2
1842,3,1844,3
1840,1,1846,1
1844,1,1846,2
1841,1,1847,1
1840,2,1847,2
1842,1,1848,1
1844,2,1848,2
1841,2,1849,1
1842,2,1849,2
1846,1,1851,1
1847,1,1851,2
1848,1,1852,1
1849,1,1852,2
1851,1,1854,1
1852,1,1854,2
