1
54
75
88
91
190
269
343
373
391
397
404
426
432
437
455
461
466
469
585
704
776
779
782
785
788
796
804
812
816
819
874
877
880
889
900
905
971
974
977
982
985
990
994
1010
1014
1022
1076
1079
1082
1094
1119
1123
1145
1149
1177
1181
1206
1210
1234
1240
1247
1275
1282
1290
1390
1393
1396
1404
1408
1426
1430
1448
1455
1480
1483
1485
1487
1489
1491
1493
1497
1533
1566
1581
1584
1606
1622
1626
1638
1645
1648
1650
1653
1656
1715
1778
1801
1824
1830
1833
1836
